10
1
8146 
2
1201 5813 
7974 7439 
3
166 3602 4925 
550 4208 8676 
844 1257 9230 
4
5272 9382 6603 9764 
8622 1774 2761 476 
6069 3312 1596 9845 
4051 5280 7071 5611 
5
2178 830 5776 953 4671 
3178 8119 5634 6894 4717 
7203 4857 8003 3428 7922 
5778 8647 4467 5983 1007 
8688 7840 5117 8045 7750 
6
653 4898 5192 5176 737 1210 
3926 3755 980 9503 4333 1336 
3377 9814 165 2646 5526 1168 
3852 6674 2191 4985 9735 1211 
6950 6583 1424 1860 4652 2574 
3827 9008 7872 9530 6470 4942 
7
9745 2765 9026 8991 4593 9464 2210 
7506 8199 5368 587 3525 617 9167 
4667 3620 2558 278 6761 7778 6652 
5206 6058 8978 9929 3679 8608 5826 
6000 1075 8493 6005 6392 3568 6187 
7905 2035 613 6996 6086 5213 8318 
7596 471 8940 602 9269 9890 2118 
8
9569 7570 7480 5534 5960 6302 8895 8354 
679 3423 9863 2255 5858 5310 4306 440 
9312 6641 5187 8845 7337 883 3420 1391 
7129 3240 6850 6339 9158 2027 1429 951 
475 3168 1401 9723 1638 8771 7677 2720 
9738 2672 4574 7907 8148 6922 1732 7284 
5759 2607 5650 6798 5455 4381 1212 3969 
419 5890 5498 1568 4431 4134 6451 4411 
9
9540 6662 6704 4503 161 4043 894 5928 1854 
9287 8734 5152 1316 9053 1762 2319 4766 9380 
8957 601 5826 22 6604 6137 2916 217 5600 
6669 6048 9818 844 7152 151 7428 5462 7412 
8661 7130 6574 9827 4820 4043 3990 684 5806 
1337 762 1886 3964 5553 8036 5509 5678 7861 
4684 9679 9835 9385 4265 2623 4049 2758 616 
8145 9445 975 7415 3778 6882 1105 5823 7401 
784 256 4757 383 6974 1276 8339 2876 3958 
10
7669 9915 2152 9664 1529 7512 5247 3425 1058 3300 
9023 8703 5770 4663 6568 7264 132 9390 1484 3888 
2992 75 1941 7271 3580 7611 5603 5864 506 247 
9044 7565 2449 8778 6353 8814 7362 7050 1789 8913 
6146 7610 2552 7422 4118 9534 2208 7809 4701 1950 
9925 9073 7621 6717 9970 1751 2645 7353 6843 9163 
2613 195 1087 8655 283 9191 2178 9839 7198 9943 
7273 1559 2404 4373 8275 3976 387 2944 7236 7283 
7304 2794 7643 2332 493 1412 2606 262 3360 3247 
4445 5853 5097 763 277 7760 5521 6848 6538 2687 
